14
1 0 -0.0007828372 0 0.23 0.19734 0.0007828374 0.196123 0.200885 0.40248 0.007511546 0.39422 0.2074197 0.603891 0.01768628 0.592831 0.2176969 0.80489 0.03031710 0.79183 0.23031611 1.00549 0.044541912 0.99123 0.24454213 1.20569 0.059567514 1.19103 0.25956731 
1  1  3
2  3  5
3  5  7 
4  7  9
5  9  11
6  11 13
7  2  4
8  4  6
9  6  8
10 8  10
11 10 12
12 12 14
13 1  2
14 3  4
15 5  6
16 7  8 
17 9  10
18 11 12
19 13 14
20 1  4
21 3  6
22 5  8
23 7  10
24 9  12
25 11 14
26 2  3
27 4  5
28 6  7
29 8  9
30 10 11
31 12 13
3
1 1 X
2 2 X
3 2 Y
2
13 10 90
14 10 90