14
1 0 -8.01583e-052 0 0.23 0.199741 8.01583e-054 0.199621 0.2000725 0.400272 0.0006984456 0.399413 0.2006917 0.600473 0.00175318 0.599214 0.2017549 0.800673 0.0032123410 0.799014 0.20321211 1.00087 0.005071112 0.998814 0.20507113 1.20107 0.0073299114 1.19861 0.2073331 
1  1  3
2  3  5
3  5  7 
4  7  9
5  9  11
6  11 13
7  2  4
8  4  6
9  6  8
10 8  10
11 10 12
12 12 14
13 1  2
14 3  4
15 5  6
16 7  8 
17 9  10
18 11 12
19 13 14
20 1  4
21 3  6
22 5  8
23 7  10
24 9  12
25 11 14
26 2  3
27 4  5
28 6  7
29 8  9
30 10 11
31 12 13
3
1 1 X
2 2 X
3 2 Y
2
13 10 0
14 10 180