14
1 0 0.0001180652 0 0.23 0.200514 0.0002819354 0.200596 0.1998565 0.400456 -0.00035516 0.40077 0.1995847 0.600621 -0.0006644268 0.600935 0.1992669 0.800787 -0.00097874810 0.801101 0.19895311 1.00095 -0.0012906112 1.00127 0.19863813 1.20112 -0.0016212614 1.20143 0.19834131 
1  1  3
2  3  5
3  5  7 
4  7  9
5  9  11
6  11 13
7  2  4
8  4  6
9  6  8
10 8  10
11 10 12
12 12 14
13 1  2
14 3  4
15 5  6
16 7  8 
17 9  10
18 11 12
19 13 14
20 1  4
21 3  6
22 5  8
23 7  10
24 9  12
25 11 14
26 2  3
27 4  5
28 6  7
29 8  9
30 10 11
31 12 13
3
1 1 X
2 2 X
3 2 Y
2
13 10 0
14 10 0